code/irlgraph/inst/extdata/etherington20120code/cost-surface80x80.txt
NCOLS 80
NROWS 80
XLLCORNER 200.0
YLLCORNER 200.0
CELLSIZE 10.0
NODATA_VALUE -9999.0
[rows 0 to 30 of 80, columns 0 to 68 of 80]
-9999.0 -9999.0 -9999.0 -9999.0 -9999.0 -9999.0 -9999.0 -9999.0 -9999.0 -9999.0 -9999.0 -9999.0 -9999.0 -9999.0 -9999.0 -9999.0 -9999.0 -9999.0 -9999.0 -9999.0 -9999.0 -9999.0 -9999.0 -9999.0 -9999.0 -9999.0 -9999.0 -9999.0 -9999.0 -9999.0 -9999.0 -9999.0 -9999.0 -9999.0 -9999.0 -9999.0 -9999.0 -9999.0 -9999.0 -9999.0 -9999.0 -9999.0 -9999.0 -9999.0 -9999.0 -9999.0 -9999.0 -9999.0 -9999.0 -9999.0 -9999.0 -9999.0 -9999.0 -9999.0 -9999.0 9.729999 9.442999 9.453999 9.772998 9.894999 9.835 9.830002 9.278003 7.043 7.057 7.818999 8.087001 5.799 4.917
-9999.0 -9999.0 -9999.0 -9999.0 -9999.0 -9999.0 -9999.0 -9999.0 -9999.0 -9999.0 -9999.0 -9999.0 -9999.0 -9999.0 -9999.0 -9999.0 -9999.0 -9999.0 -9999.0 -9999.0 -9999.0 -9999.0 -9999.0 -9999.0 -9999.0 -9999.0 -9999.0 -9999.0 -9999.0 -9999.0 -9999.0 -9999.0 -9999.0 -9999.0 -9999.0 -9999.0 -9999.0 -9999.0 -9999.0 -9999.0 -9999.0 -9999.0 -9999.0 -9999.0 -9999.0 -9999.0 -9999.0 -9999.0 -9999.0 -9999.0 -9999.0 -9999.0 -9999.0 -9999.0 8.926002 9.238 9.576999 9.382999 9.587998 9.731999 9.927001 9.837 9.676001 7.528999 7.455 7.705001 6.427 6.028 5.134
-9999.0 -9999.0 -9999.0 -9999.0 -9999.0 -9999.0 -9999.0 -9999.0 -9999.0 -9999.0 -9999.0 -9999.0 -9999.0 -9999.0 -9999.0 -9999.0 -9999.0 -9999.0 -9999.0 -9999.0 -9999.0 -9999.0 -9999.0 -9999.0 -9999.0 -9999.0 -9999.0 -9999.0 -9999.0 -9999.0 -9999.0 -9999.0 -9999.0 -9999.0 -9999.0 -9999.0 -9999.0 -9999.0 -9999.0 -9999.0 -9999.0 -9999.0 -9999.0 -9999.0 -9999.0 -9999.0 -9999.0 -9999.0 -9999.0 -9999.0 -9999.0 -9999.0 -9999.0 -9999.0 8.966 8.139999 8.967 9.238 9.452999 8.786 8.351998 9.745001 9.053 8.61 8.163 6.982 5.862 5.273 5.508001
-9999.0 -9999.0 -9999.0 -9999.0 -9999.0 -9999.0 -9999.0 -9999.0 -9999.0 -9999.0 -9999.0 -9999.0 -9999.0 -9999.0 -9999.0 -9999.0 -9999.0 -9999.0 -9999.0 -9999.0 -9999.0 -9999.0 -9999.0 -9999.0 -9999.0 -9999.0 -9999.0 -9999.0 -9999.0 -9999.0 -9999.0 -9999.0 -9999.0 -9999.0 -9999.0 -9999.0 -9999.0 -9999.0 -9999.0 -9999.0 -9999.0 -9999.0 -9999.0 -9999.0 -9999.0 -9999.0 -9999.0 -9999.0 -9999.0 -9999.0 -9999.0 -9999.0 -9999.0 9.129999 9.037001 7.05 8.061 9.252 9.643002 8.459999 6.309 7.597001 7.908 8.083001 7.379001 5.95 6.194 7.149001 7.395
-9999.0 -9999.0 -9999.0 -9999.0 -9999.0 -9999.0 -9999.0 -9999.0 -9999.0 -9999.0 -9999.0 -9999.0 -9999.0 -9999.0 -9999.0 -9999.0 -9999.0 -9999.0 -9999.0 -9999.0 -9999.0 -9999.0 -9999.0 -9999.0 -9999.0 -9999.0 -9999.0 -9999.0 -9999.0 -9999.0 -9999.0 -9999.0 -9999.0 -9999.0 -9999.0 -9999.0 -9999.0 -9999.0 -9999.0 -9999.0 -9999.0 -9999.0 -9999.0 -9999.0 -9999.0 -9999.0 -9999.0 -9999.0 -9999.0 -9999.0 -9999.0 -9999.0 -9999.0 9.108001 8.836 6.972 7.779001 7.478001 9.448999 8.538 6.091 7.757999 8.046 8.159 7.514999 7.119999 8.475001 7.957 6.357
-9999.0 -9999.0 -9999.0 -9999.0 -9999.0 -9999.0 -9999.0 -9999.0 -9999.0 -9999.0 -9999.0 -9999.0 -9999.0 -9999.0 -9999.0 -9999.0 -9999.0 -9999.0 -9999.0 -9999.0 -9999.0 -9999.0 -9999.0 -9999.0 -9999.0 -9999.0 -9999.0 -9999.0 -9999.0 -9999.0 -9999.0 -9999.0 -9999.0 -9999.0 -9999.0 -9999.0 -9999.0 -9999.0 -9999.0 -9999.0 -9999.0 -9999.0 -9999.0 -9999.0 -9999.0 -9999.0 -9999.0 -9999.0 9.938999 -9999.0 -9999.0 -9999.0 -9999.0 8.443999 8.148999 8.338999 8.496999 6.442001 7.457001 6.746001 5.977001 7.052 8.419 8.603 8.34 7.201001 8.27 6.760001 5.514001
-9999.0 -9999.0 -9999.0 -9999.0 -9999.0 -9999.0 -9999.0 -9999.0 -9999.0 -9999.0 -9999.0 -9999.0 -9999.0 -9999.0 -9999.0 -9999.0 -9999.0 -9999.0 -9999.0 -9999.0 -9999.0 -9999.0 -9999.0 -9999.0 -9999.0 -9999.0 -9999.0 -9999.0 -9999.0 -9999.0 -9999.0 -9999.0 -9999.0 -9999.0 -9999.0 -9999.0 -9999.0 -9999.0 -9999.0 -9999.0 -9999.0 -9999.0 -9999.0 -9999.0 -9999.0 -9999.0 -9999.0 9.954 -9999.0 -9999.0 -9999.0 -9999.0 -9999.0 -9999.0 -9999.0 -9999.0 9.802999 9.016001 6.726001 6.375001 6.582001 8.715 8.849 8.638 8.272001 5.769 4.501 5.847001 7.432
-9999.0 -9999.0 -9999.0 -9999.0 -9999.0 -9999.0 -9999.0 -9999.0 -9999.0 -9999.0 -9999.0 -9999.0 -9999.0 -9999.0 -9999.0 -9999.0 -9999.0 -9999.0 -9999.0 -9999.0 -9999.0 -9999.0 -9999.0 -9999.0 -9999.0 -9999.0 -9999.0 -9999.0 -9999.0 -9999.0 -9999.0 -9999.0 -9999.0 -9999.0 -9999.0 -9999.0 -9999.0 -9999.0 -9999.0 -9999.0 -9999.0 -9999.0 -9999.0 -9999.0 -9999.0 -9999.0 9.950998 9.974999 -9999.0 -9999.0 -9999.0 -9999.0 -9999.0 -9999.0 -9999.0 -9999.0 9.945 9.593001 8.23 6.918 7.034 6.617002 8.762 7.657001 8.061998 7.192999 6.677 7.194 10.0
-9999.0 -9999.0 -9999.0 -9999.0 -9999.0 -9999.0 -9999.0 -9999.0 -9999.0 -9999.0 -9999.0 -9999.0 -9999.0 -9999.0 -9999.0 -9999.0 -9999.0 -9999.0 -9999.0 -9999.0 -9999.0 -9999.0 -9999.0 -9999.0 -9999.0 -9999.0 -9999.0 -9999.0 -9999.0 -9999.0 -9999.0 -9999.0 -9999.0 -9999.0 -9999.0 -9999.0 -9999.0 -9999.0 -9999.0 -9999.0 -9999.0 -9999.0 -9999.0 -9999.0 -9999.0 9.886 9.957 9.974999 9.974999 9.962999 -9999.0 -9999.0 -9999.0 -9999.0 -9999.0 -9999.0 -9999.0 9.769 9.316999 8.581 6.602001 6.354001 6.472 7.029 6.795001 6.658 9.644001 9.774 10.0
-9999.0 -9999.0 -9999.0 -9999.0 -9999.0 -9999.0 -9999.0 -9999.0 -9999.0 -9999.0 -9999.0 -9999.0 -9999.0 -9999.0 -9999.0 -9999.0 -9999.0 -9999.0 -9999.0 -9999.0 -9999.0 -9999.0 -9999.0 -9999.0 -9999.0 -9999.0 -9999.0 -9999.0 -9999.0 -9999.0 -9999.0 -9999.0 -9999.0 -9999.0 -9999.0 -9999.0 -9999.0 -9999.0 -9999.0 -9999.0 9.811998 9.425999 8.238999 8.605001 8.787001 9.758 9.951 9.974999 9.962999 9.962999 -9999.0 -9999.0 -9999.0 9.974999 9.974999 9.974999 9.957 9.459 8.115999 7.338999 6.901 7.855999 8.187 6.235001 6.868 8.981001 9.704 9.692999 9.344997
-9999.0 -9999.0 -9999.0 -9999.0 -9999.0 -9999.0 -9999.0 -9999.0 -9999.0 -9999.0 -9999.0 -9999.0 -9999.0 -9999.0 -9999.0 -9999.0 -9999.0 -9999.0 -9999.0 -9999.0 -9999.0 -9999.0 -9999.0 -9999.0 -9999.0 -9999.0 -9999.0 -9999.0 -9999.0 -9999.0 -9999.0 -9999.0 -9999.0 -9999.0 -9999.0 -9999.0 -9999.0 -9999.0 9.899 9.776001 8.641001 9.064001 8.4 8.764999 9.154998 9.017001 9.725 9.950998 9.974999 9.962999 -9999.0 -9999.0 9.941999 9.968998 9.974999 9.966 9.941999 9.273998 7.639 7.356 7.303 6.740001 6.976001 6.753 8.465 9.17 9.698999 9.702999 9.774002
-9999.0 -9999.0 -9999.0 -9999.0 -9999.0 -9999.0 -9999.0 -9999.0 -9999.0 -9999.0 -9999.0 -9999.0 -9999.0 -9999.0 -9999.0 -9999.0 -9999.0 -9999.0 -9999.0 -9999.0 -9999.0 -9999.0 -9999.0 -9999.0 -9999.0 -9999.0 -9999.0 -9999.0 -9999.0 -9999.0 -9999.0 -9999.0 -9999.0 -9999.0 -9999.0 -9999.0 -9999.0 9.893002 9.771001 9.814999 9.69 9.855998 9.421 9.602999 9.679001 9.102999 9.618 9.950998 9.959999 9.962999 -9999.0 -9999.0 9.974999 9.971999 9.971999 9.939 9.901999 9.581999 9.122999 8.791999 7.192001 6.771001 6.982 7.141001 9.292998 9.533999 9.874 9.783003 9.750001
-9999.0 -9999.0 -9999.0 -9999.0 -9999.0 -9999.0 -9999.0 -9999.0 -9999.0 -9999.0 -9999.0 -9999.0 -9999.0 -9999.0 -9999.0 -9999.0 -9999.0 -9999.0 -9999.0 -9999.0 -9999.0 -9999.0 -9999.0 -9999.0 -9999.0 -9999.0 -9999.0 -9999.0 -9999.0 -9999.0 -9999.0 -9999.0 -9999.0 -9999.0 -9999.0 -9999.0 9.562999 9.564999 9.722002 9.834001 9.897001 9.833001 9.799001 9.804001 9.806001 9.498999 9.539999 9.841001 9.971999 9.974999 -9999.0 -9999.0 -9999.0 9.974999 9.957 9.845999 9.657998 9.659998 9.166999 -9999.0 8.475 6.978 6.477001 6.027001 6.602001 9.334001 9.903 9.889998 9.828
-9999.0 -9999.0 -9999.0 -9999.0 -9999.0 -9999.0 -9999.0 -9999.0 -9999.0 -9999.0 -9999.0 -9999.0 -9999.0 -9999.0 -9999.0 -9999.0 -9999.0 -9999.0 -9999.0 -9999.0 -9999.0 -9999.0 -9999.0 -9999.0 -9999.0 -9999.0 -9999.0 -9999.0 -9999.0 -9999.0 -9999.0 -9999.0 -9999.0 -9999.0 7.584 6.592001 8.914001 9.697999 9.491999 9.587997 9.670999 9.212 9.523 9.868999 9.896997 9.629001 9.702 9.849998 9.971999 -9999.0 -9999.0 -9999.0 -9999.0 -9999.0 9.974999 -9999.0 -9999.0 9.606997 9.117999 8.506001 8.671 8.616 7.924999 6.152 6.290999 7.902 9.577997 9.732 9.815001
-9999.0 -9999.0 -9999.0 -9999.0 -9999.0 -9999.0 -9999.0 -9999.0 -9999.0 -9999.0 -9999.0 -9999.0 -9999.0 -9999.0 -9999.0 -9999.0 -9999.0 -9999.0 -9999.0 -9999.0 -9999.0 -9999.0 -9999.0 -9999.0 -9999.0 -9999.0 -9999.0 -9999.0 -9999.0 -9999.0 -9999.0 -9999.0 -9999.0 9.202002 8.333001 7.988999 9.206 9.712998 9.801001 9.827999 9.248999 7.362 8.389 9.826 9.96 9.945 9.96 9.948 9.971999 9.966 9.962999 9.96 -9999.0 -9999.0 -9999.0 9.882001 9.883 9.605999 8.921999 8.346 8.598001 7.939001 8.951999 8.651 9.421 9.734999 9.746 9.856 9.848
-9999.0 -9999.0 -9999.0 -9999.0 -9999.0 -9999.0 -9999.0 -9999.0 -9999.0 -9999.0 -9999.0 -9999.0 -9999.0 -9999.0 -9999.0 -9999.0 -9999.0 -9999.0 -9999.0 -9999.0 -9999.0 -9999.0 -9999.0 -9999.0 -9999.0 -9999.0 -9999.0 -9999.0 -9999.0 -9999.0 -9999.0 9.369 9.761001 9.917 9.704 7.995 7.994 7.548 8.379 8.758 7.231001 6.675999 9.245001 9.910998 9.957 9.966 9.969 9.96 9.966 -9999.0 -9999.0 9.962999 9.959999 -9999.0 -9999.0 -9999.0 9.560999 9.622 8.910999 8.135 8.01 8.953 -9999.0 -9999.0 9.903998 9.917 9.913999 9.815001 10.0
-9999.0 -9999.0 -9999.0 -9999.0 -9999.0 -9999.0 -9999.0 -9999.0 -9999.0 -9999.0 -9999.0 -9999.0 -9999.0 -9999.0 -9999.0 -9999.0 -9999.0 -9999.0 -9999.0 -9999.0 -9999.0 -9999.0 5.754 -9999.0 -9999.0 -9999.0 -9999.0 -9999.0 7.37 3.921 5.474 8.132999 7.075001 8.157999 7.656 6.421999 8.594 7.069 7.153 7.987 6.887001 7.275 9.429999 9.959999 9.966 9.969 9.954 9.957 9.947998 9.935998 9.947998 9.971999 9.96 9.896001 -9999.0 -9999.0 9.379 9.770999 9.297999 9.121 -9999.0 -9999.0 -9999.0 -9999.0 9.856001 9.823001 9.828999 9.315 8.823999
-9999.0 -9999.0 -9999.0 -9999.0 -9999.0 -9999.0 -9999.0 -9999.0 -9999.0 -9999.0 -9999.0 -9999.0 -9999.0 -9999.0 -9999.0 -9999.0 -9999.0 -9999.0 -9999.0 -9999.0 6.786001 3.332 3.381001 4.018001 6.807 6.549001 8.328999 9.786001 9.525999 7.247999 5.346 7.401 4.828001 6.65 5.448 7.566 8.083001 6.666001 7.066 6.805001 7.255001 7.583001 9.391999 9.940001 9.959999 9.962999 9.959999 9.969 9.929998 9.9 9.933 9.927999 9.817 9.784001 9.605998 -9999.0 -9999.0 -9999.0 -9999.0 -9999.0 -9999.0 9.908998 9.833001 10.0 10.0 9.846001 9.495 7.881 10.0
-9999.0 -9999.0 -9999.0 -9999.0 -9999.0 -9999.0 -9999.0 -9999.0 -9999.0 -9999.0 -9999.0 -9999.0 -9999.0 -9999.0 -9999.0 -9999.0 -9999.0 -9999.0 -9999.0 6.7 6.855 4.613 4.513 5.172 7.301001 8.113001 7.551 9.711 7.491 6.755 8.017 8.389999 5.968001 5.685 6.550001 9.306998 9.135999 5.292 5.473001 7.241001 7.602 6.254001 8.842999 9.784 9.798 9.875001 9.929001 9.945 10.0 9.825001 9.883 9.685999 9.658001 9.86 9.692003 9.632999 -9999.0 -9999.0 -9999.0 -9999.0 9.962999 9.938999 9.901999 9.765001 -9999.0 9.697999 10.0 10.0 10.0
-9999.0 -9999.0 -9999.0 -9999.0 -9999.0 -9999.0 -9999.0 -9999.0 -9999.0 -9999.0 -9999.0 -9999.0 -9999.0 -9999.0 -9999.0 -9999.0 -9999.0 -9999.0 6.403 4.539999 4.688001 5.538 7.830999 7.778001 5.456 7.546999 7.823 8.963001 5.454 4.358001 6.753001 6.032001 6.924 8.106001 6.753 5.576 5.681 6.816 5.715001 6.021001 5.882 4.921 -9999.0 8.59 8.755 8.758 8.769 10.0 10.0 9.768002 9.594999 9.293 9.674 9.856001 9.880999 9.813001 9.843 9.941998 9.914998 9.969 9.974999 9.974999 9.954 10.0 10.0 10.0 10.0 9.603001 9.410999
-9999.0 -9999.0 -9999.0 -9999.0 -9999.0 -9999.0 -9999.0 -9999.0 -9999.0 -9999.0 7.049002 4.779001 3.595001 2.678 3.621 2.984 4.267002 8.612999 9.161001 5.786001 6.034 8.540001 9.634999 9.166 4.904001 5.819001 6.829 8.304 6.410002 3.422001 6.338999 6.576 5.875 6.383 6.831 4.448 7.897 8.454 8.346 7.969999 5.594001 4.229001 4.151 4.431 6.850002 8.474001 10.0 10.0 9.596 9.860001 9.192999 8.93 9.609999 9.501999 9.809 9.914998 9.877001 9.888001 9.933001 9.962999 9.971999 9.949 9.945 10.0 -9999.0 10.0 9.219 9.704 9.830998
-9999.0 -9999.0 -9999.0 -9999.0 -9999.0 -9999.0 -9999.0 -9999.0 6.659 3.878001 2.895 2.944 4.427 2.068 1.657 3.937 3.597 5.4 9.545 8.476999 7.027 7.139 7.033 8.138 6.267 7.416 9.625001 9.174999 6.668999 4.668 6.117 5.004 3.764001 3.952001 3.601 4.167001 8.618 7.963 7.51 6.259999 3.908001 5.579 4.827 3.709 4.145 4.397 10.0 8.872 9.825002 9.894999 9.727999 9.536001 9.07 9.264999 9.753 9.796001 9.796001 9.743002 9.827002 9.896 9.754999 9.771999 9.929001 10.0 10.0 10.0 10.0 10.0 10.0
-9999.0 -9999.0 -9999.0 -9999.0 -9999.0 -9999.0 4.179 1.949 1.205 4.153 4.526 3.699 4.955 2.934 1.0 2.503 3.83 3.059 5.464 4.317 6.183 8.645 4.86 4.402 5.280001 8.648001 8.473999 7.903001 6.891 4.313 7.317 6.205 4.382 6.052001 3.733 4.221 7.025001 6.823 4.374001 5.509 3.026001 2.108 4.443001 5.189001 6.464001 3.729001 10.0 10.0 9.866 9.927999 9.890999 9.636 7.392001 8.969 9.737003 9.731998 9.803001 9.802 9.641998 9.866999 9.814999 9.870998 9.747999 9.247998 10.0 10.0 10.0 10.0 9.917998
-9999.0 -9999.0 3.631001 5.625999 3.639001 3.711 3.394 7.079 3.968 5.829001 4.792 5.303 5.339 1.708 4.71 7.707001 7.0 5.196 4.6 3.185001 6.468999 8.964 4.595 2.412 4.298001 6.561 3.615 4.938 4.644 4.657001 8.597 7.839001 4.509 5.239 6.481001 5.055001 5.691 7.420001 4.139 3.991 3.659001 2.12 2.602 4.517 6.584001 8.199 9.013 10.0 10.0 9.854001 9.907998 9.664 8.904999 9.655999 9.879 9.507998 9.671 9.774001 9.433999 9.816 9.938999 9.919 9.818003 9.758999 9.783 10.0 9.516 10.0 10.0
-9999.0 7.424001 5.960001 3.304001 5.014 3.945 3.787 5.48 2.946 2.102 3.701 5.191 5.245001 4.650001 4.334001 4.484001 4.475001 6.367 5.399001 3.403 5.736001 7.246001 3.611001 3.940001 4.62 4.864 4.306 4.182001 3.912999 7.399 8.368 6.092 5.166 3.844001 5.39 7.07 3.852 4.2 3.736 3.135 3.782 2.404 1.04 1.085 2.089 7.075 9.718 7.435 10.0 10.0 9.892 9.822001 9.106998 9.411999 9.853002 9.833999 9.690002 9.346999 9.560999 9.854 9.929998 9.842 9.685999 9.909 9.911999 10.0 8.155001 7.931 9.697998
3.064 1.837 2.426 3.748 6.003001 3.933001 2.439 1.893999 3.544 4.580999 6.148001 7.484 6.48 3.294001 4.768 2.836 3.817 7.890999 6.606001 5.202 5.971001 4.773 3.920001 6.042001 7.161 4.740001 4.397 6.343 3.307 5.272 7.118999 5.110001 6.020999 7.077 5.967 3.911 3.388001 4.052001 3.177001 2.26 1.6 4.305001 4.276 4.077 2.725001 3.263 8.432001 6.991 2.278 10.0 10.0 10.0 9.728001 9.377001 8.495999 9.400999 9.29 8.522001 9.435999 9.633999 9.775001 9.751 9.531 9.786 9.914001 10.0 10.0 9.347001 9.77
2.421 2.288 2.876 3.302001 5.015001 2.659 2.486 2.318 2.411 4.325 8.139999 8.356 6.598001 3.960001 4.308001 2.754999 3.017 6.553001 6.475 6.382 6.047 6.984 8.106999 8.012 7.314001 5.707 4.179001 6.778 5.521 4.095 4.086 5.834 5.709 7.451 7.15 4.049 5.445001 6.884 4.987 4.767001 4.641 6.173 6.146001 6.999001 6.18 5.662 7.184 6.149001 4.476 4.481 4.411 10.0 10.0 10.0 10.0 7.293001 8.764 9.006001 9.615 8.892 8.891 9.236001 9.525999 9.805 9.541999 7.358 10.0 9.824 9.820002
4.617 3.042 3.631001 4.971 2.931 2.731 3.194 2.863 2.23 4.091 4.762 8.017 7.064 3.368001 1.059 2.583 2.066 4.524 8.384999 7.182999 5.462 7.781999 8.542001 5.955 6.255001 7.389001 1.968 2.772 2.904 3.049001 4.519001 7.212001 7.03 6.224001 5.33 3.814001 7.955001 9.863998 8.229999 6.74 7.901 7.721999 6.642 5.331 3.736 4.63 4.56 3.765 6.225002 4.433 2.523 3.752 8.899 7.314001 10.0 10.0 6.716001 9.268 9.386001 7.365001 8.927 8.656 9.122001 9.739001 8.815001 7.589999 10.0 9.718998 9.810001
6.030001 4.158 3.753 7.44 4.422001 3.374001 3.962001 4.244 2.981 1.656 1.717 6.081 3.723001 2.847001 1.0 2.962 3.909001 5.984 8.561 8.307 5.706 5.179001 8.094999 5.636 3.188001 4.671 5.937 4.472001 6.206 6.195 7.056002 7.609 4.825001 6.205 5.522 4.216 9.117998 9.907998 9.833 9.760002 9.674998 9.451 8.284999 5.999001 5.858 5.809001 4.503 4.556001 7.075999 4.572 2.819 6.279 8.747998 7.484999 7.516 10.0 10.0 10.0 10.0 10.0 10.0 9.354 9.700002 9.792001 9.674 8.219 10.0 8.455999 9.777
5.183 2.638 3.836 5.909 4.419 2.486 3.377001 5.464 4.452 4.377 3.53 1.768 4.169001 5.637 2.956 3.921 7.307 8.472 7.772 7.447 7.073999 6.85 4.907001 5.417001 5.495 3.681 4.834 7.479 9.471 7.782 7.112001 3.764 2.538 4.800001 7.799 6.432001 9.731001 9.923998 9.917 9.875998 9.921 9.139001 5.081 5.506999 5.54 4.188001 3.91 4.301001 6.509001 5.280001 7.059 7.835999 9.817999 9.755002 9.668001 9.856998 9.919 9.715001 9.484998 10.0 10.0 10.0 10.0 10.0 10.0 10.0 10.0 10.0 9.699998
1.626 2.581001 3.203001 3.521 2.334001 2.239 3.897001 4.085001 5.353 6.392 4.433 3.546 6.486001 8.179999 5.940001 4.984 4.583 8.065 7.233 5.714999 5.924001 4.291 4.771001 2.779 3.47 4.629 4.884 8.99 9.734001 8.644 6.06 2.918 5.709 7.375999 7.377 5.784 8.151999 9.282 9.17 9.058001 8.919 7.493999 4.438001 6.443001 4.199 3.517001 4.88 4.477001 5.999 4.945001 8.108 7.636 9.351 9.868 9.724999 9.539999 9.476002 9.056999 9.344 9.177 9.556 9.524999 9.273001 10.0 10.0 5.969 10.0 7.352 9.108999
