code/irlgraph/inst/extdata/etherington20120code/cost-surface100x100.txt
NCOLS 100
NROWS 100
XLLCORNER 0.0
YLLCORNER 0.0
CELLSIZE 10.0
NODATA_VALUE -9999.0
[rows 31 to 61 of 100, columns 0 to 67 of 100]
-9999.0 -9999.0 -9999.0 -9999.0 -9999.0 -9999.0 -9999.0 -9999.0 -9999.0 3.253 3.583001 3.569 1.048 2.355 2.958 1.404 1.111 2.361 4.25 1.117 3.284 3.454 3.553001 6.786 6.946 5.218 4.258 4.783 3.750001 1.566 2.243001 3.557001 7.441 8.543001 8.006 6.679001 3.933 6.210999 7.422 4.604 3.192001 3.887001 5.399999 3.484 3.728 5.916 7.891999 9.837998 9.802999 7.607 4.717001 2.15 7.174999 9.781999 9.845998 9.533 8.27 5.263 5.457 3.821 4.745001 7.139999 7.747 4.401 3.709001 3.969 6.383001 5.215
-9999.0 -9999.0 -9999.0 -9999.0 -9999.0 -9999.0 -9999.0 -9999.0 -9999.0 1.0 1.093 1.0 2.635 5.697999 5.616001 2.961 1.673 3.354001 2.82 1.856 3.942001 4.982 6.111 9.121 9.747001 9.713003 8.539001 4.490001 4.173 3.95 3.521001 3.353 4.347001 6.275001 8.061 6.927 5.332 4.204 3.416 4.139 4.39 3.27 3.994 4.516 7.596 -9999.0 -9999.0 9.911999 9.875998 8.800999 6.475999 8.435001 9.562001 9.806002 9.945 9.966 9.846998 9.427 7.577 7.384 5.922 7.219999 7.381001 1.702 4.855 5.403001 6.519001 4.797
-9999.0 -9999.0 -9999.0 -9999.0 -9999.0 -9999.0 -9999.0 -9999.0 -9999.0 3.146 1.63 3.128 7.079999 6.150002 4.162001 6.519001 5.757 7.055999 1.76 2.312 2.747 3.976001 7.407 9.145 9.713999 9.790002 9.327999 5.541 4.5 4.918 3.948 4.604 6.317 5.236001 6.069 8.685 6.118 3.152001 4.197 5.121 3.325001 3.659 5.475 2.973001 8.898 9.897 9.830001 9.759998 9.720999 9.615999 9.728999 9.931998 9.899999 9.894999 9.917998 9.944 9.792997 9.636999 8.250999 7.605 9.234 9.585001 7.506001 2.354001 2.931 4.377001 3.688 4.085001
-9999.0 -9999.0 -9999.0 -9999.0 -9999.0 -9999.0 -9999.0 -9999.0 3.110001 2.865 3.421 2.611 4.004 1.914 1.749 2.355 4.165 2.367 2.186 3.215001 1.677 1.226 7.832 9.407999 9.796001 8.868999 6.932 6.988 7.535 -9999.0 -9999.0 -9999.0 5.919 5.167 8.209999 9.502002 8.731001 4.707 4.318001 4.547001 6.974 5.611 3.590001 4.604 9.021999 9.712997 9.752001 9.532999 9.402998 9.798 9.957 9.974999 9.920998 9.932999 9.974999 9.843 9.498999 9.672002 9.626001 9.786999 9.888998 9.941998 7.747999 4.359 1.691 3.109 3.833001 4.806001
-9999.0 -9999.0 -9999.0 -9999.0 -9999.0 -9999.0 -9999.0 4.728 3.889 4.770001 5.664999 2.728 3.055001 1.907 1.0 5.232 4.813001 2.504 1.752 2.662 1.312 1.261 5.299001 8.008 8.983 5.537 4.473 7.792 9.651001 9.698001 9.784003 -9999.0 7.268999 8.363998 9.653002 9.860002 9.788999 7.148001 5.236 7.284 7.806999 8.556999 7.890999 9.342 9.862999 9.719004 9.662998 9.586998 9.630001 9.882999 9.921 9.974999 9.974999 9.962999 9.924 9.297998 8.941 9.852999 9.900998 9.926998 9.96 9.546 6.825001 3.398 3.369 4.538001 4.344 3.114001
-9999.0 -9999.0 -9999.0 7.082999 5.256001 4.237 4.51 5.964001 3.636 5.249001 5.285 3.553001 3.582 4.329 2.958 4.692 3.68 2.484 4.776999 4.399 3.495 2.628001 6.08 9.344001 8.004 3.356 2.221 8.993 9.889998 9.875 9.704999 9.710002 9.756999 9.603002 9.554998 9.698001 9.843 9.289001 9.306999 9.811998 9.537 8.725998 9.483999 9.848001 9.908998 9.768001 9.652001 9.84 9.868999 9.893 9.855001 9.915999 9.974999 9.932999 9.889998 9.435 9.143999 9.853 9.702002 9.622999 9.866999 8.348 3.308 2.366 3.126 2.581 3.042 4.308
9.882 9.85 9.570002 4.967 2.954 6.004 3.852 5.605 5.244 5.797 3.821001 1.85 2.731 3.498001 2.781001 1.832 2.107 2.355 3.099 5.041 3.539001 3.480001 5.993 9.750999 8.217 3.923999 2.16 8.078001 9.899999 9.855 9.787001 9.889998 9.899999 9.845999 9.746999 9.868998 9.954 9.962999 9.971999 9.957 9.899999 9.771999 9.725001 9.560999 9.792001 9.879998 9.722 8.587 9.426 9.748 9.629 9.891998 9.957 9.914998 9.899999 9.891998 9.767 9.010001 6.748 7.075001 9.572 9.283 4.099001 2.686 1.173 2.709 5.158 9.337999
9.890001 9.864 9.563 5.869999 3.747 6.382 2.812 5.655 6.715001 6.208 4.105001 5.038001 4.753 2.016 2.618 2.525 3.231001 3.122 3.289 5.257 4.429 4.341 6.006001 9.477999 6.139001 1.437 5.419001 9.551 9.884998 9.905998 9.896999 9.856001 9.941999 9.962999 9.962999 9.954 9.957 9.969 9.974999 9.974999 9.911999 9.938999 9.91 9.725999 9.752003 9.819 8.595999 2.74 6.556999 9.695 9.823998 9.935998 9.809001 9.641998 9.370001 9.792998 8.503999 4.535 4.555 7.100001 9.386 9.740002 8.841002 2.895 2.057 2.969 4.597002 8.960001
8.872 8.185 7.621 6.048 4.669 6.66 5.196001 6.108001 6.031 4.485001 5.337 5.385001 3.364 2.423 3.341 4.613 4.264001 4.232 3.409 4.629 6.964 4.193 7.833 8.391001 4.984 2.424 7.295 9.85 9.908998 9.908998 9.825002 9.798001 9.923998 9.908998 9.948 9.894999 9.761998 9.895 9.974999 9.948 9.927 9.929998 9.914998 9.938997 9.833 8.257 3.304 1.795 4.964 9.334 9.788999 9.684999 9.243999 6.966 4.484001 4.281001 2.3 1.402 1.602 6.412 8.909 9.594999 9.432 2.895 3.309 4.426 3.875001 6.578001
-9999.0 6.282 4.637999 4.641 4.919001 7.67 8.149 6.247001 2.883 4.672 4.991 6.369 4.005 2.624 3.148 5.67 6.552001 6.038 5.110001 3.91 5.889 8.014 7.552 3.686 3.045001 2.950001 7.744 9.913999 9.962999 9.885 9.745998 9.875 9.921 9.833001 9.917998 9.858 9.237999 9.774998 9.800001 9.610998 9.823001 9.902998 9.950998 9.839001 9.078001 5.012 2.983 7.663 7.575 8.775 8.061999 6.777 5.294001 2.817 2.344 3.109001 3.289001 3.141 1.416 4.988 7.060001 6.34 5.271001 4.775001 3.111001 5.521 8.204 8.312001
3.275001 5.264001 5.542 4.543001 6.075 7.175999 6.062001 7.439 3.559 6.313 9.391001 9.558002 8.757 6.094999 4.531001 3.623 3.539001 4.169001 6.675001 6.102 9.074999 7.783 1.737 2.880001 3.560001 7.636 9.798999 9.918 9.741999 9.748999 9.736002 9.833001 9.936 9.887999 9.915998 9.490999 7.544 9.299 6.084 5.226 9.636 9.878 9.863003 9.503998 5.771 3.551001 7.916999 9.843 9.884998 9.844998 9.329 8.117999 4.963001 2.786 5.729001 3.201 1.25 3.235 2.908 2.774 6.908999 2.626 2.85 2.267 3.146001 3.870001 5.426 5.860001
4.11 4.989 6.137 5.056 5.148001 4.888 4.514001 3.518001 4.729 8.092 9.680999 9.344 9.367 9.643003 8.408001 5.897 6.646001 5.521001 4.486 7.822999 9.312998 8.217 4.255 2.229 2.216 8.480999 9.812999 8.043 5.395001 4.897 8.393999 9.523 9.782999 9.660999 9.437999 6.502001 2.459 3.755 2.352 3.989 7.524 5.405001 6.268 7.122 3.458 6.84 9.751001 9.830001 9.932999 9.959999 9.954 9.891998 9.469 7.646 4.745001 6.618 8.369999 8.982001 4.409 1.48 5.381 4.542001 2.753 3.091 3.495001 5.401 3.708 5.362
4.882001 4.307001 3.618001 3.594 5.764 7.328 6.868999 3.465 2.746 6.051001 5.522 3.452 7.105 9.736999 9.609997 9.361001 9.339998 7.241999 6.087 7.992001 9.047001 6.244 3.752 1.347 1.173 4.709 6.506001 2.900001 2.662 2.926 3.389001 6.518001 6.839001 6.984 6.474001 2.772 2.853 2.55 4.743999 3.282001 1.733 3.0 1.188 3.725 4.497 6.103 9.522001 9.739998 9.825003 9.871 9.957 9.929999 9.921 9.874001 9.449999 9.091 9.693001 9.797 6.765 1.229 5.574 6.061001 4.325001 4.085999 5.689 5.053999 4.321 5.699
5.951 2.385 2.056 5.634 5.17 7.124 8.631998 5.142 4.714 6.645 7.337 2.348001 2.419 5.061001 4.877 7.69 8.455001 7.459001 7.127001 5.379999 4.139 3.193001 1.684 2.053 2.935 2.141 1.166 1.368 2.485 3.275001 2.257 2.785001 3.696 4.037 3.336 2.657001 2.012 2.094 3.325 1.404 2.424001 5.145 4.051001 4.507 6.053 5.425001 8.642 9.324998 9.679999 9.718 9.814003 9.779001 9.635999 8.931 7.237999 7.984001 9.845999 9.68 4.613 1.272 3.135 4.532 7.47 5.376001 7.109001 4.804 4.86 4.544
6.973 1.518 4.995 7.911001 3.625 6.918 7.89 5.114999 5.534 5.212999 7.269001 5.243001 3.144001 3.479 2.282 2.839999 3.637 4.891 4.883 2.814001 1.931 3.492001 1.0 2.365 1.0 1.182 1.281 2.443 2.521999 2.485 3.743 4.036001 3.965001 2.709 2.321 3.052001 1.0 1.132 1.845 2.314 3.84 4.407 3.819001 4.049 3.781 4.946001 9.188 9.722 9.830998 9.787001 9.796 9.825998 9.776999 9.138 5.673 2.801001 7.832 9.823 8.889999 3.654001 3.342 5.492 3.778001 4.133001 3.919001 5.518 7.013 3.924
5.752001 2.679 7.732 6.715 3.568001 7.174001 5.225 5.233001 5.921 6.222001 4.776999 3.668 3.202001 3.96 4.638 3.573 4.673 4.683001 3.765 1.539 1.0 1.0 1.0 2.222 2.325001 2.714 3.133 3.079 2.768 2.494 2.777 3.233001 3.409 1.392 2.966 3.801 2.272 8.866999 8.601 2.691 3.030001 3.610001 2.868001 4.240001 4.130001 3.366001 5.29 7.547999 9.324 9.830998 9.926998 9.974999 9.945 9.952 9.487999 6.177 5.308001 8.932001 9.735999 8.659998 5.1 5.671 3.413 4.81 4.165 5.414 7.715 5.031
5.473001 5.818 6.099001 4.532 5.545 5.517 2.966 3.199 5.487999 3.76 3.48 4.079 4.778001 4.908001 5.738001 6.203 7.571 3.119 2.499 2.391 1.0 1.0 2.661 1.639 3.224 2.225 2.289999 3.665 3.886001 3.601001 3.263 3.607 5.244 4.489 8.307 3.272 2.191 6.852 9.669999 4.365 2.15 3.539001 2.12 4.576 3.129 3.061001 3.029 3.687 6.447001 8.441999 9.92 9.974999 9.974999 9.974999 9.943998 9.087999 8.287 9.574001 9.947998 9.742001 8.609999 5.102 3.784 2.394 3.148001 4.45 4.222001 3.484
6.311001 8.709 8.303999 2.087 3.007 2.563 4.977 8.499001 9.593001 9.197001 6.602001 2.478 3.852 5.143001 4.72 3.77 3.744 3.109 2.3 2.286001 3.09 2.623 2.142 3.576 5.530001 4.823 3.205 7.184999 8.428 8.363999 7.907 3.859 4.304 5.407001 9.278 5.055 2.609 2.878 9.131001 4.984001 2.208 2.748 3.626 6.42 3.055 2.284 3.014001 2.512001 2.224 7.024 9.936 9.974999 9.974999 9.974999 9.974999 9.918999 9.907998 9.898998 9.974999 9.962999 9.765999 5.788 2.649001 2.976 4.464001 3.463 3.775 4.546
7.744 9.414 8.57 2.525 3.140001 1.961 6.995 9.83 9.974999 9.938998 9.226 4.572 4.905 7.112 3.977 3.703 5.266001 4.253 2.611001 2.255 3.184 2.073 2.830001 3.259 5.919001 4.359 8.254 9.872998 9.750001 9.425 9.613002 6.025 2.906001 4.874001 5.093 5.391 2.552 4.474 9.672001 9.192999 3.317 2.458 4.917001 8.238 2.968001 2.995001 2.542 2.297 3.238001 8.321 9.795 9.903001 9.974999 9.974999 9.974999 9.929998 9.932999 9.938998 9.974999 9.969 9.619001 6.584001 4.677001 4.886001 3.953 3.373 6.866 5.765001
9.652001 9.723001 6.612999 1.453 2.058 2.762 6.191 9.893 9.966 9.974999 9.77 6.359 6.674001 5.72 4.406 3.548 3.042 2.764 2.052 1.83 2.109 2.889 5.832 5.058001 6.709 3.312 5.031 7.764 9.555999 9.788 9.886998 9.609001 3.435 4.156 4.173 1.478 2.795 7.618 9.925999 9.886 6.521 1.663 4.071 9.006999 3.671 2.844001 4.985 3.224001 3.690001 4.789 4.923 7.488 9.861 9.974999 9.974999 9.846 9.881 9.974999 9.974999 9.947998 9.195 5.448 5.246001 5.021 3.772 5.114 4.895001 3.432001
9.861 9.186 3.818 3.379001 3.268 4.118 8.188001 9.87 9.962999 9.974999 9.896 7.162001 1.682 3.11 4.567 3.012 1.988 3.36 2.243 3.782001 1.948 2.055 3.98 7.969999 4.4 3.459 4.767001 3.977 4.611 4.117002 6.578999 9.728999 8.883999 3.290999 3.772 3.076 2.534 9.137999 9.966 9.889999 8.609 3.838 4.169 9.517 7.803999 5.578 9.177999 9.447999 5.388 3.765001 3.445 9.318999 9.954998 9.974999 9.974999 9.860998 9.876 9.974999 9.974999 9.926998 8.108 4.125001 3.949001 5.447001 4.081001 5.134 4.437 3.231
9.733999 6.049 1.473 2.254 4.139 6.798 9.688999 9.957 9.974999 9.974999 9.962999 9.564001 6.450999 4.041 2.802 1.752 2.331 3.813001 4.137001 5.228 2.822001 1.506 6.085 9.639 7.750001 5.778 5.326 5.523001 3.451 3.810001 1.943 6.505999 9.831 7.911001 3.281 3.223001 1.262 5.001 9.794998 9.896 9.543 8.075999 6.954 9.824999 9.704 9.626001 9.960999 9.950999 8.733999 3.827001 4.557001 9.746999 9.974999 9.974999 9.974999 9.966 9.966 9.974999 9.974999 9.755 5.592 3.608 4.126 8.094 8.759999 9.083 9.465998 9.339
8.450001 1.0 1.972 1.725 3.800001 8.011 9.889 9.974999 9.974999 9.974999 9.974999 9.924 9.589001 7.410999 5.220001 1.677 1.844 4.484001 7.837999 9.13 7.351001 3.096 4.404 8.947 9.890999 9.755999 7.983001 6.120999 3.756001 3.570001 2.508001 3.474001 6.536 9.360998 8.202999 4.142 2.369 6.161001 9.854 9.974999 9.926 8.148 7.982 9.929 9.918998 9.950998 9.974999 9.966 9.513001 3.995 6.05 9.870998 9.974999 9.974999 9.974999 9.974999 9.974999 9.974999 9.974999 9.512 4.513001 4.273 6.95 9.676002 9.137001 7.106001 7.904 6.981
7.936001 1.0 3.673 7.368 7.720001 9.441 9.889998 9.945 9.974999 9.974999 9.957 9.673 8.766001 7.964001 6.983001 1.862 2.538 5.275001 8.222 9.852999 9.861998 8.393 4.442001 6.071 9.822001 9.969 9.948999 9.845999 8.461999 5.927 3.708 3.943 5.632 9.519999 9.803999 4.863 3.527 9.403 9.966 9.974999 9.959999 9.471002 9.771 9.974999 9.974999 9.974999 9.974999 9.955 9.859001 9.490999 9.695998 9.945998 9.974999 9.974999 9.974999 9.974999 9.974999 9.974999 9.93 9.700002 7.434999 6.682 9.426998 9.893 8.296001 2.514 2.05 1.989
8.947001 4.603 8.01 9.893 9.924997 9.894999 9.920998 9.966 9.974999 9.974999 9.941998 9.462 7.955999 5.366 3.306999 2.147 3.201 3.699 9.212998 9.902998 9.971999 9.905 9.259 9.238 9.877998 9.974999 9.974999 9.945 9.827999 9.667001 6.862 6.756 9.573999 9.938 9.960999 8.949999 6.238 9.707002 9.974999 9.974999 9.974999 9.959999 9.971999 9.974999 9.974999 9.974999 9.974999 9.89 9.613998 9.860001 9.974999 9.974999 9.974999 9.974999 9.974999 9.974999 9.974999 9.974999 9.948999 9.887999 9.844998 9.812999 9.786 9.838 7.793999 2.256 2.186 1.662
9.864999 9.800999 9.829999 9.962999 9.971999 9.945 9.971999 9.96 9.966 9.901 9.862002 9.341 5.163 4.17 3.651001 3.394001 3.701 6.726 9.681998 9.914998 9.962999 9.938999 9.950998 9.959999 9.974999 9.974999 9.974999 9.969 9.938999 9.966 9.825998 9.743999 9.903 9.974999 9.974999 9.955 9.854998 9.909998 9.974999 9.974999 9.974999 9.974999 9.974999 9.974999 9.974999 9.974999 9.974999 9.792999 8.737 9.611 9.974999 9.974999 9.971999 9.957 9.962999 9.974999 9.974999 9.974999 9.974999 9.974999 9.974999 9.974999 9.966 9.962999 9.868998 7.533999 2.04 1.089
9.899999 9.899999 9.902998 9.966 9.974999 9.974999 9.959999 9.894999 9.896001 9.865 9.498999 7.392 2.467 3.732001 2.403 2.682 2.704 5.097 9.409 9.926998 9.974999 9.969 9.974999 9.974999 9.974999 9.974999 9.974999 9.974999 9.974999 9.974999 9.974999 9.962999 9.969 9.974999 9.974999 9.974999 9.974999 9.974999 9.974999 9.974999 9.974999 9.974999 9.974999 9.935 9.969 9.974999 9.974999 9.838 9.473001 9.918999 9.974999 9.969 9.529 7.919001 9.309 9.936 9.974999 9.974999 9.974999 9.974999 9.974999 9.974999 9.974999 9.974999 9.974999 9.618 2.793 1.086999
9.927 9.917997 9.902998 9.954 9.974999 9.974999 9.969 9.929998 9.874998 9.852999 7.320001 3.136001 3.201 3.505001 2.832 3.731 3.852001 2.707 9.02 9.923998 9.974999 9.974999 9.974999 9.974999 9.974999 9.974999 9.974999 9.974999 9.974999 9.974999 9.974999 9.974999 9.974999 9.974999 9.974999 9.974999 9.974999 9.974999 9.974999 9.974999 9.974999 9.898998 9.508999 9.241 9.931 9.974999 9.974999 9.969 9.969 9.971999 9.939001 9.42 4.924 3.463 8.152999 9.946999 9.974999 9.974999 9.974999 9.974999 9.974999 9.974999 9.974999 9.974999 9.962999 8.742001 2.762 1.269
9.948 9.969 9.969 9.969 9.974999 9.974999 9.974999 9.974999 9.938999 9.796999 3.601 1.91 3.738 6.487 8.075998 8.721999 7.770998 2.344 7.513 9.927 9.954 9.971999 9.974999 9.974999 9.974999 9.971999 9.969 9.974999 9.974999 9.974999 9.974999 9.974999 9.974999 9.974999 9.974999 9.974999 9.974999 9.974999 9.974999 9.971999 9.921001 8.732 5.241001 7.962 9.959999 9.974999 9.974999 9.974999 9.747001 8.83 7.916 3.328 1.524 8.389 9.960999 9.974999 9.974999 9.974999 9.974999 9.974999 9.974999 9.974999 9.966 9.974999 9.948999 7.409 1.0 1.294
9.971999 9.966 9.971999 9.974999 9.974999 9.974999 9.974999 9.974999 9.962999 9.719999 4.5 3.676 8.881001 9.787999 9.847999 9.807999 9.052999 3.696 6.869 9.792 9.885 9.926998 9.971999 9.969 9.933 9.962999 9.962999 9.974999 9.974999 9.974999 9.974999 9.974999 9.974999 9.974999 9.971999 9.957 9.929998 9.974999 9.971999 9.585 6.591001 4.728 3.996001 9.173999 9.959999 9.946001 9.969 9.938001 8.182 1.869999 1.502 2.567001 4.324 9.784999 9.974999 9.938001 9.948 9.974999 9.974999 9.974999 9.974999 9.974999 9.945 9.966 9.834999 5.044 2.596 1.529
9.966 9.971999 9.971999 9.974999 9.974999 9.974999 9.959999 9.924 9.895002 9.784 8.421999 8.749999 9.889998 9.933 9.974999 9.941999 9.622 5.49 5.852001 9.195001 9.759999 9.845001 9.821001 9.816002 9.929998 9.974999 9.974999 9.974999 9.974999 9.962999 9.957 9.969 9.966 9.974999 9.913 9.507 9.871001 9.974999 9.804 6.028 3.742001 4.459001 5.077 9.812001 9.407 8.663 9.874 9.196 4.062 1.711 4.658 3.713001 7.23 9.947 9.954 9.467 8.938 9.57 9.865 9.974999 9.974999 9.974999 9.950999 9.857002 9.903 7.258 3.918 3.678
