[Units]
s = 1
mi = 60 * s
hr = 60 * mi
cm = 1e-2
um = 1e-4 * cm
mM = 1e-3
uM = 1e-3 * mM
nM = 1e-6 * mM
C = 1
A = C/s
pA = 1e-12 * A
V = 1
mV = 1e-3 * V
F = C/V
pF = 1e-12 * F
S = A/V
pS = 1e-12 * S
dyn = 1
pa = 10 * dyn/cm**2
mmHg = 133.322 * pa

[Parameter]
JSigKkNa = 0.6 * mM/s
KKoa = 1.5 * mM
rh = 4.8 * uM
kdeg = 1.25 * 1/s
KG = 8.82
delta = 0.001235
beta = 0.0244
Jmax = 2880 * uM/s
Ki = 0.03 * uM
Kact = 0.17 * uM
Vmax = 20 * uM/s
Kp = 0.24 * uM
Pl = 5.2 * uM
calcium_er = 400 * uM
Castr = 40 * pF
gamma = 1970 * mV/uM
gtrpv = 200 * pS
vtrpv = 6 * mV
kon = 2 * 1/uM*s
Kinh = 0.1 * uM
tautrpv = 0.9 * 1/s
eps12 = 0.16
kappa = 0.04
gammacai = 0.2 * uM
gammacae = 0.2 * mM
v1trpv = 120 * mV
v2trpv = 13 * mV
Veet = 72 * 1/s
calcium_a_min = 0.1 * uM
keet = 7.1 * 1/s
psibk = 2.664 * 1/s
v4bk = 14.5 * mV
v5bk = 8 * mV
v6bk = -15 * mV
eetshift = 2 * mV/uM
Ca3bk = 400 * nM
Ca4bk = 150 * nM
gbk = 225.6 * pS
vbk = -95 * mV
gleak = 78.54 * pS
vleak = -70 * mV
Csmc = 19.635 * pF
gkir0 = 145 * pS
vkir1 = 57 * mV
vkir2 = 130 * mV
VRpa = 3.2e-5
VRps = 0.1
gca = 157 * pS
vca = 80 * mV
v2 = 25 * mV
dp = 60 * mmHg
Rdecay = 1 * 1/s
potassium_p_min = 3 * mM
Cadecay = 0.5 * 1/s
calcium_p_min = 2000 * uM
alphakir = 1020 * s
av1 = 18 * mV
av2 = 10.8 * mV
betakir = 26.9 * s
bv1 = 18 * mV
bv2 = 0.06 * mV
gl = 62.832 * pS
vl = -70 * mV
gk = 251.33 * pS
vk = -80 * mV
phin = 2.664
Ca3 = 400 * nM
Ca4 = 150 * nM
v4 = 14.5 * mV
v5 = 8 * mV
v6 = -15 * mV
tau = 0.2 * dyn/cm
Kd = 1000 * nM
Bt = 10000 * nM
alpha = 4.3987e15 * nM/C
kca = 1.3568e2 * 1/s
we = 0.9
x0 = 188.5 * um
x1 = 1.2
x2 = 0.13
x3 = 2.2443
x4 = 0.71182
x5 = 0.8
x6 = 0.01
x7 = 0.32134
x8 = 0.88977
x9 = 0.0090463
sigma0h = 3e6 * dyn/cm**2
u1 = 41.76
u2 = 0.047396
u3 = 0.0584
wm = 0.7
kpsi = 3.3
Cam = 500 * nM
psim = 0.3
q = 3
y0 = 0.928
y1 = 0.639
y2 = 0.35
y3 = 0.78847
y4 = 0.8
sigmay0h = 2.6e6 * dyn/cm**2
vref = 0.24
Caref = 510 * nM
ad = 0.28125
bd = 5
cd = 0.03
dd = 1.3
Sx = 40000 * um**2
Ax = 502.65 * um**2
Lx = 1 * cm
lam = 2.5e7 * pa
